# id	left	top	right	bottom	texture_id
[SPRITES]
#Mushroom red
370000	131	157	146	172	40
#LEAF LEFT
371001	55	24	70	37	100
#LEAF RIGHT
371002	71	66	86	79	100
#Star
372000	94	159	107	172	40
#FlowerBlue
372001	112	158	127	173	40

#Mushroom
3700001	257	373	272	388	120
3700002	319	374	328	389	120
#star
3700003	277	374	292	389	120
3700004	332	375	341	390	120
#flowerBlue
3700005	297	373	312	388	120
3700006	347	374	356	389	120


# ani_id	sprite1_id	time1	sprite2_id	time2	...
[ANIMATIONS]
371001	371001	200
371002	371002	200
#ani mush room
3710000	3700001	100	3700002	100
#ani star
3710001	3700003	100	3700004	100
#ani flowerBlue
3710002	3700005	100	3700006	100
