# id	left	top	right	bottom	texture_id
[SPRITES]
#WALK-TO-RIGHT
290001	560	432	575	455	80
290002	576	432	591	455	80
290003	592	432	607	455	80
290004	608	432	623	455	80
#DIE-RIGHT
290006	560	434	575	457	170
#Walk-TO-LEFT
290008	64	432	79	455	70
290009	80	432	95	455	70
290010	96	432	111	455	70
290011	112	432	127	455	70


# ani_id	sprite1_id	time1	sprite2_id	time2	...
[ANIMATIONS]
#WALK-TO-RIGHT
290005	290003	200	290004	200
#WALK-TO-LEFT
290012	290008	200	290009	200
#FIRE
290007	290001	200	290002	200	290003	200	290004	200