# id left top right bottom texture_id
[SPRITES]
120000	1038	35	1053	50	30
120001	1055	35	1070	50	30
120002	1072	35	1087	50	30
120003	1089	35	1104	50	30
120004	373	29	380	37	60 #break part
120005	382	29	389	37	60 #break part
16004	1174	69	1189	85	30
16005	1191	69	1206	85	30    # Appear sprite 2
16006	1225	79	1240	85	30    # Appear sprite 2

# ani_id sprite1_id time1 sprite2_id time2 ...
[ANIMATIONS]
14000	120000	100	120001	100	120002	100	120003	100
14100	120004	100
14200	120005	100
14300	16004	200	16005	200	16004	200	16005	200
14400	16006	100