# id	left	top	right	bottom	texture_id
[SPRITES]
#Coin box
600000	301	26	308	39	60
600001	310	26	317	39	60
600002	319	26	326	39	60
600003	328	26	335	39	60

#Point effect
# 100
610000	446	25	457	32	60
# 1000
610001	463	25	478	32	60
#200
610002	446	34	457	41	60

#Smoke
620000	546	22	557	33	20
620001	561	23	572	33	20
620002	576	23	587	33	20


# ani_id	sprite1_id	time1	sprite2_id	time2	...
[ANIMATIONS]
#ani coin
600000	600000	100	600001	100	600002	100	600003	100
#ani smoke
620000	620001	100	620002	100	620000	100
