# id	left	top	right	bottom	texture_id
[SPRITES]
#Turn left
130001	176	144	191	175	90
130002	160	144	175	175	90
130003	128	144	143	175	90
#Turn right
130004	0	239	15	270	90
130005	16	239	31	270	90
130006	48	239	63	270	90

#Turn left green
140001	80	144	95	175	90
140002	64	144	79	175	90
140003	32	144	47	175	90
#Turn right green
140004	97	239	111	270	90
140005	112	239	127	270	90
140006	145	239	159	270	90
 
 

# ani_id	sprite1_id	time1	sprite2_id	time2	...
[ANIMATIONS]
#ani turn left
130001	130001	150	130002	150
#ani turn right
130004	130004	150	130005	150
#ani turn left green
140001	140001	150	140002	150
#ani turn right
140004	140004	150	140005	150