# id	left	top	right	bottom	texture_id
[SPRITES]
# 1->9
230000	77	30	84	37	130
230001	87	30	94	37	130	
230002	97	30	104	37	130	
230003	107	30	114	37	130	
230004	117	30	124	37	130	
230005	127	30	134	37	130	
230006	137	30	144	37	130	
230007	147	30	154	37	130	
230008	157	30	164	37	130	
230009	167	30	174	37	130
#black flag
230010	91	161	98	168	130
#white flag
230014	64	161	71	168	130
#P
230011	100	161	114	168	130
230012	73	161	87	168	130

# ani_id	sprite1_id	time1	sprite2_id	time2	...
[ANIMATIONS]
230013	230011	200	230012	200