git # list of object assets to load in this scene
[ASSETS]
mario.txt
coin.txt
cloud.txt
brick.txt
grass.txt
transcript.txt
number.txt
background.txt
breakable_brick.txt
chimney.txt

#
[OBJECTS]
# type	x	y	extra_settings per object type
# type: 0 = Mario , 1 = Brick, 2 = Goomba, 3 = Koopas
# See OBJECT_TYPE constants in AssetIDs.h

#COIN
4	345	74
4	361	74
4	377	74

4	425	42
4	441	42
4	457	42

4	778	74
4	794	74
4	810	74

4	858	42
4	874	42
4	890	42

4	1337	59
4	1353	59
4	1369	59

4	1513	42
4	1513	58
4	1513	74
4	1513	90
4	1513	106
4	1513	122
4	1513	138
4	1513	154

4	1897	75
4	1913	75
4	1929	75

#Grass_platform
#float x, float y, int widthCells, int heightCells,  bool isPlatform
25	8	122	10	5	1
25	1976	138	3	2	1

#Small bush
6	72	106	16	16	61001
6	88	106	16	16	61001
6	104	106	16	16	61001
6	120	106	16	16	61001
6	136	106	16	16	61001

6	2088	170	16	16	61001
6	2104	170	16	16	61001


# MARIO
0	120	10

#Flying Platform
5	232	122	16	16	4	0	0	0	0	14000
5	392	106	16	16	5	0	0	0	0	14000
5	616	58	16	16	4	0	0	0	0	14000
5	648	138	16	16	2	0	0	0	0	14000
5	760	90	16	16	4	0	0	0	1	14000
5	776	138	16	16	3	0	0	0	0	14000
5	872	106	16	16	4	0	0	0	1	14000
5	888	154	16	16	2	0	0	0	0	14000
5	952	106	16	16	2	0	0	0	1	14000
5	968	122	16	16	1	0	0	0	0	14000
5	1016	122	16	16	5	0	0	0	0	14000
5	968	170	16	16	4	0	0	0	0	14000
5	1160	154	16	16	5	0	0	0	0	14000
5	1192	74	16	16	4	0	0	0	0	14000
5	1240	58	16	16	1	0	0	0	1	14000
5	1272	138	16	16	2	0	0	0	0	14000
5	1400	74	16	16	3	0	0	0	0	14000
5	1544	58	16	16	2	0	0	0	1	14000
5	1544	138	16	16	3	0	0	0	1	14000
5	1560	170	16	16	3	0	0	0	0	14000
5	1736	58	16	16	3	0	0	0	1	14000
5	1784	138	16	16	3	0	0	0	0	14000

#Platform
5	1928	170	16	16	8	20010	20011	20012	0	0
5	1928	186	16	16	8	20013	20014	20015	0	0
5	2040	10	16	16	10	20016	20016	20016	1	0
5	2072	186	16	16	32	20001	20002	20003	0	0


#Brick
1	-16	106	21000
1	-16	90	21000
1	-16	74	21000
1	-16	58	21000
1	-16	42	21000
1	-16	26	21000
1	-16	10	21000

#Chimney
8	1944	106	16	16	4	80001	80003	80003	1	1
8	1960	106	16	16	4	80002	80004	80004	1	1

8	2200	154	16	16	2	80001	80003	80003	1	1
8	2216	154	16	16	2	80002	80004	80004	1	1

#Transcript
21	125	217

